4 0.467820405960083 0.650388240814209 0.125410795211792 0.2258349061012268
4 0.33239004015922546 0.7448303699493408 0.12696093320846558 0.2226967215538025
4 0.6117628812789917 0.5817015171051025 0.12808579206466675 0.20583227276802063
4 0.858940064907074 0.6378012299537659 0.1271594762802124 0.20872128009796143
4 0.7068226933479309 0.5095750093460083 0.1039663553237915 0.18819797039031982
4 0.7419328689575195 0.6884232759475708 0.11949169635772705 0.19807153940200806
4 0.5400126576423645 0.43038302659988403 0.11578428745269775 0.20102500915527344
4 0.8127053380012512 0.44784271717071533 0.12993812561035156 0.21217063069343567
4 0.640421450138092 0.7753890752792358 0.12212169170379639 0.2062608003616333
4 0.42862647771835327 0.4724952280521393 0.10987243056297302 0.20332437753677368
4 0.28673410415649414 0.5618993043899536 0.11499415338039398 0.20921242237091064
4 0.9094431400299072 0.511924147605896 0.10391956567764282 0.1838054358959198
4 0.5265408754348755 0.8293843865394592 0.12026694416999817 0.20589053630828857
4 0.21954914927482605 0.7604413032531738 0.10924285650253296 0.18782466650009155
4 0.41372978687286377 0.8897735476493835 0.1203291118144989 0.20254921913146973
4 0.6750043630599976 0.31800156831741333 0.12084263563156128 0.1833169162273407
4 0.36986905336380005 0.5796121954917908 0.08351090550422668 0.18225082755088806
4 0.410958904109589 0.27392344497607657 0.10136986301369863 0.145933014354067
4 0.47876712328767124 0.16267942583732056 0.06986301369863014 0.11004784688995216
4 0.4958904109589041 0.26913875598086123 0.07945205479452055 0.11722488038277512
4 0.6383561643835617 0.16507177033492823 0.08767123287671233 0.14354066985645933
4 0.3356164383561644 0.41746411483253587 0.06027397260273973 0.11244019138755981
4 0.1958904109589041 0.5370813397129187 0.0684931506849315 0.1507177033492823
4 0.13013698630136986 0.6961722488038278 0.10410958904109589 0.15789473684210525
4 0.11712328767123288 0.8648325358851675 0.10273972602739725 0.17464114832535885
4 0.17602739726027397 0.9210526315789473 0.09178082191780822 0.14354066985645933
4 0.2821917808219178 0.916267942583732 0.11506849315068493 0.16267942583732056
4 0.7753424657534247 0.23086124401913877 0.1095890410958904 0.13636363636363635
4 0.2650684931506849 0.3672248803827751 0.07808219178082192 0.1076555023923445
