4 0.8665972948074341 0.47216323018074036 0.12783950567245483 0.20871716737747192
4 0.4909900426864624 0.6588955521583557 0.126546710729599 0.2238103151321411
4 0.7604609727859497 0.5760785341262817 0.1210673451423645 0.20163625478744507
4 0.6200400590896606 0.5292178392410278 0.1259685754776001 0.20849359035491943
4 0.37308478355407715 0.8124182820320129 0.1243448555469513 0.2253265380859375
4 0.6753717660903931 0.7012163400650024 0.12334060668945312 0.2095540165901184
4 0.7016226053237915 0.4177626371383667 0.10627061128616333 0.1814497709274292
4 0.5267059803009033 0.4161871075630188 0.1115080714225769 0.1992323100566864
4 0.7945558428764343 0.3098266124725342 0.12778019905090332 0.20759806036949158
4 0.42939913272857666 0.5086185932159424 0.11054858565330505 0.20708760619163513
4 0.899574875831604 0.3248070180416107 0.09910088777542114 0.17656154930591583
4 0.5744801759719849 0.8078103065490723 0.12246233224868774 0.20605605840682983
4 0.3009934425354004 0.6583388447761536 0.11483600735664368 0.21270668506622314
4 0.6393274068832397 0.24668610095977783 0.11582261323928833 0.17847152054309845
4 0.38287671232876713 0.32057416267942584 0.08904109589041095 0.13875598086124402
4 0.1780821917808219 0.8564593301435407 0.07945205479452055 0.1674641148325359
4 0.2650684931506849 0.8720095693779905 0.08904109589041095 0.18421052631578946
4 0.21027397260273972 0.680622009569378 0.056164383561643834 0.14114832535885166
4 0.24863013698630138 0.49521531100478466 0.06986301369863014 0.1339712918660287
4 0.476027397260274 0.916267942583732 0.12465753424657534 0.16267942583732056
