4 0.7617378234863281 0.45713719725608826 0.12052243947982788 0.19369405508041382
4 0.6188961267471313 0.475347638130188 0.12087953090667725 0.212180495262146
4 0.5151597261428833 0.6579124927520752 0.12657278776168823 0.21823185682296753
4 0.8501542806625366 0.3078059256076813 0.12504106760025024 0.21092186868190765
4 0.6989638805389404 0.6152856945991516 0.11914628744125366 0.20824289321899414
4 0.6820043325424194 0.3294841945171356 0.1068534255027771 0.17760491371154785
4 0.513045608997345 0.4050493836402893 0.1063840389251709 0.20168134570121765
4 0.7563353776931763 0.18364953994750977 0.12506204843521118 0.209506556391716
4 0.4219416081905365 0.8598867058753967 0.12570345401763916 0.23010289669036865
4 0.8582338094711304 0.1450960636138916 0.10375648736953735 0.16518127918243408
4 0.6175744533538818 0.763465940952301 0.1206592321395874 0.2133955955505371
4 0.36232876712328765 0.3791866028708134 0.0863013698630137 0.1937799043062201
4 0.3356164383561644 0.5777511961722488 0.10684931506849316 0.13157894736842105
4 0.3445205479452055 0.7440191387559809 0.09452054794520548 0.19617224880382775
4 0.4328767123287671 0.5442583732057417 0.09863013698630137 0.19856459330143542
4 0.5321917808219178 0.12081339712918661 0.08082191780821918 0.18899521531100477
4 0.6006849315068493 0.18899521531100477 0.12465753424657534 0.20095693779904306
4 0.39315068493150684 0.22009569377990432 0.06027397260273973 0.11961722488038277
4 0.2554794520547945 0.8086124401913876 0.09452054794520548 0.18660287081339713
4 0.34178082191780823 0.9234449760765551 0.11095890410958904 0.14832535885167464
4 0.547945205479452 0.895933014354067 0.11506849315068493 0.20334928229665072
