4 0.7081120014190674 0.5252797603607178 0.11864787340164185 0.20887011289596558
4 0.6112798452377319 0.4212103486061096 0.1180107593536377 0.20904016494750977
4 0.5375102758407593 0.6462602615356445 0.12659934163093567 0.21300816535949707
4 0.7463709115982056 0.339267373085022 0.12041562795639038 0.1976572871208191
4 0.6525404453277588 0.700393795967102 0.11926370859146118 0.21457338333129883
4 0.49866801500320435 0.40389183163642883 0.11002874374389648 0.20164483785629272
4 0.4678082191780822 0.11124401913875598 0.1 0.19856459330143542
4 0.4143835616438356 0.34330143540669855 0.06438356164383562 0.15550239234449761
4 0.36027397260273974 0.4449760765550239 0.0821917808219178 0.18181818181818182
4 0.3561643835616438 0.6566985645933014 0.0821917808219178 0.13157894736842105
4 0.3493150684931507 0.8026315789473685 0.13972602739726028 0.17942583732057416
4 0.4780821917808219 0.8421052631578947 0.10410958904109589 0.23923444976076555
4 0.5958904109589042 0.8720095693779905 0.10136986301369863 0.20334928229665072
4 0.8136986301369863 0.16148325358851676 0.12876712328767123 0.19856459330143542
4 0.5568493150684931 0.1519138755980861 0.09726027397260274 0.1937799043062201
4 0.6506849315068494 0.24282296650717702 0.1095890410958904 0.18899521531100477
4 0.3493150684931507 0.2822966507177033 0.0821917808219178 0.1291866028708134
4 0.4095890410958904 0.2069377990430622 0.10136986301369863 0.15550239234449761
4 0.3041095890410959 0.9066985645933014 0.07945205479452055 0.1722488038277512
4 0.2787671232876712 0.6949760765550239 0.07260273972602739 0.18421052631578946
