4 0.3020763099193573 0.6574754118919373 0.12800346314907074 0.22136878967285156
4 0.4470735788345337 0.6293002963066101 0.12380602955818176 0.22101342678070068
4 0.5965070128440857 0.630624532699585 0.12622857093811035 0.20750296115875244
4 0.699001669883728 0.6010787487030029 0.09772807359695435 0.18848061561584473
4 0.28635597229003906 0.4588388502597809 0.11947618424892426 0.20609444379806519
4 0.19336622953414917 0.6240485906600952 0.11506545543670654 0.18038135766983032
4 0.7059530019760132 0.7908206582069397 0.11662769317626953 0.2030583620071411
4 0.22778840363025665 0.8032248616218567 0.11554822325706482 0.20524108409881592
4 0.8096147775650024 0.5893499851226807 0.12910175323486328 0.2151276171207428
4 0.35801786184310913 0.839755654335022 0.12049424648284912 0.20641350746154785
4 0.5485060811042786 0.45245376229286194 0.11872550845146179 0.19957095384597778
4 0.8269760608673096 0.7963013648986816 0.1257668137550354 0.20758336782455444
4 0.4350931644439697 0.43800365924835205 0.11233788728713989 0.19417250156402588
4 0.1278795748949051 0.766063392162323 0.11058890074491501 0.19652366638183594
4 0.0756758451461792 0.6726741790771484 0.10368585586547852 0.17733770608901978
4 0.5958099365234375 0.8293910026550293 0.12024790048599243 0.20376938581466675
4 0.47733479738235474 0.8316408395767212 0.1184593141078949 0.2080528736114502
4 0.6971529722213745 0.40297120809555054 0.1239050030708313 0.18502077460289001
4 0.12583202123641968 0.5335685610771179 0.11009766161441803 0.16523972153663635
4 0.3584805727005005 0.5202357769012451 0.08644375205039978 0.1810760796070099
4 0.8937115669250488 0.6967101097106934 0.10195654630661011 0.19036465883255005
4 0.4479101896286011 0.2553304433822632 0.1100473403930664 0.1745610535144806
4 0.7796988487243652 0.47654032707214355 0.11545759439468384 0.16275763511657715
4 0.3933311998844147 0.6933830976486206 0.0834842324256897 0.1804075837135315
4 0.3458729386329651 0.35722899436950684 0.09988674521446228 0.15889111161231995
4 0.6801369863013699 0.22248803827751196 0.10821917808219178 0.20574162679425836
4 0.20753424657534247 0.39832535885167464 0.11095890410958904 0.22248803827751196
