4 0.34275269508361816 0.7289906740188599 0.12899571657180786 0.22110867500305176
4 0.48836731910705566 0.7012238502502441 0.12525761127471924 0.2262694239616394
4 0.3271249532699585 0.5309491157531738 0.1196715235710144 0.20198959112167358
4 0.7405151724815369 0.6738367080688477 0.09567952156066895 0.18741708993911743
4 0.23452986776828766 0.6959887146949768 0.11534729599952698 0.17872703075408936
4 0.16836683452129364 0.8394851684570312 0.11135521531105042 0.19792360067367554
4 0.11651654541492462 0.7454256415367126 0.10314178466796875 0.17582333087921143
4 0.8507320880889893 0.6621214151382446 0.1273297667503357 0.2149958610534668
4 0.26881489157676697 0.8739110231399536 0.11630535125732422 0.20414799451828003
4 0.6375396251678467 0.7018030881881714 0.12733811140060425 0.20811688899993896
4 0.5901769995689392 0.5252201557159424 0.11831378936767578 0.20293784141540527
4 0.47603851556777954 0.5088332891464233 0.11420562863349915 0.1935063600540161
4 0.16693468391895294 0.6051954030990601 0.10954218357801437 0.16660523414611816
4 0.86750727891922 0.8685762286186218 0.12614238262176514 0.20930302143096924
4 0.7465524673461914 0.8618820905685425 0.1148943305015564 0.20618468523025513
4 0.7390252351760864 0.47494256496429443 0.12271231412887573 0.1826748549938202
4 0.39899635314941406 0.9030042886734009 0.11983504891395569 0.19308441877365112
4 0.5183703899383545 0.8992341756820679 0.11939865350723267 0.19340664148330688
4 0.6367393732070923 0.8974363803863525 0.11982911825180054 0.19291061162948608
4 0.4904336929321289 0.32960399985313416 0.10832035541534424 0.1659800261259079
4 0.39962729811668396 0.5928244590759277 0.08855545520782471 0.18180453777313232
4 0.9342526197433472 0.769548773765564 0.1016339659690857 0.19157439470291138
4 0.3867707848548889 0.4272961914539337 0.10043111443519592 0.15379124879837036
4 0.43401217460632324 0.7661861777305603 0.08626008033752441 0.187142014503479
