4 0.6982239484786987 0.6571254134178162 0.1293189525604248 0.2222362756729126
4 0.5521472692489624 0.6285068988800049 0.12273839116096497 0.22119039297103882
4 0.3000519275665283 0.6019461154937744 0.0978274941444397 0.18761789798736572
4 0.4030790328979492 0.6314225196838379 0.12580403685569763 0.20760560035705566
4 0.19038990139961243 0.5896156430244446 0.12741024792194366 0.21090996265411377
4 0.8068451881408691 0.6243537664413452 0.11578351259231567 0.17618626356124878
4 0.2950934171676636 0.7925142049789429 0.1146053671836853 0.20464175939559937
4 0.1727200746536255 0.7976474761962891 0.12539805471897125 0.21054750680923462
4 0.7132940292358398 0.45999324321746826 0.12067455053329468 0.2083483636379242
4 0.4506199359893799 0.4533770680427551 0.11661386489868164 0.19930866360664368
4 0.5655062794685364 0.43645262718200684 0.11287927627563477 0.19320181012153625
4 0.7726224660873413 0.8031634092330933 0.11666607856750488 0.20549321174621582
4 0.6421719193458557 0.8399571180343628 0.12073647975921631 0.20842629671096802
4 0.8723043203353882 0.7670673727989197 0.11026597023010254 0.19555246829986572
4 0.303860068321228 0.40407806634902954 0.11981019377708435 0.18137416243553162
4 0.9252456426620483 0.6741862893104553 0.10390418767929077 0.17645227909088135
4 0.8747965693473816 0.5326728224754333 0.11001229286193848 0.16606011986732483
4 0.40429776906967163 0.8285864591598511 0.12024375796318054 0.20180010795593262
4 0.5231093764305115 0.8326595425605774 0.11951068043708801 0.20739102363586426
4 0.6407897472381592 0.5210303068161011 0.08562803268432617 0.1797107458114624
4 0.2204674482345581 0.47522640228271484 0.1142791360616684 0.16156581044197083
4 0.10592138767242432 0.6957536339759827 0.10109281539916992 0.1910383701324463
4 0.5529118180274963 0.2571971118450165 0.10706901550292969 0.1699717491865158
4 0.6540457010269165 0.35680779814720154 0.10389357805252075 0.15236157178878784
4 0.3198630136986301 0.22607655502392343 0.1136986301369863 0.16985645933014354
